distFromScreen_inCm,BGcolor,fontColor,chColor,chColorR1,chColorR2,keyboardNumber,stimWidth_inDegrees,stimWidth_inPixels,stimHeight_inPixels,cycles_perDegree,cycleLength_inDegrees,cycleLength_inPixels,stimRadialDistance_inDegrees,stimRadialDistance_inPixels,nStim_perTrial,angleList_inRadians,angleList_inDegrees,chWidth_inDegrees,chRect,stimContrast,fixedResponseDuration,chDuration_inSecs,stimDuration_inSecs,postStimDuration_inSecs,responseDuration_inSecs,responseBuffer_inSecs,ITIDuration_inSecs,fbBuffer_inSecs,nTrialsBetweenBreaks,breakDuration_inSecs,breakWarning_inSecs,breakBuffer_inSecs,exitKey,allowedResponseKeys,allowedRatingKeys,flipInterval,refreshRate_inHz,chDuration_inFrames,stimDuration_inFrames,postStimDuration_inFrames,responseDuration_inFrames,responseBuffer_inFrames,ITIDuration_inFrames,true_chDuration_inSecs,true_stimDuration_inSecs,true_postStimDuration_inSecs,true_responseDuration_inSecs,true_responseBuffer_inSecs,true_ITIDuration_inSecs,midW,midH,stimRect,windowRect,stimRadii,circleFilter,questParam.tGuess,questParam.tGuessSD,questParam.beta,questParam.delta,questParam.gamma,questParam.pThreshold,questParam.grain,questParam.range
60,127,0,0,80,127,3,3,116,116,2,0.5,19,4,155,2,"[[0.0, 3.141592653589793]]","[[0, 180]]",0.35,"[[959.5, 953.0], [593.0, 599.5], [960.5, 967.0], [607.0, 600.5]]",0.9,0,0.3,0.03333333333333333,0,5,0,0.75,0.1,100,60,10,1,-,"[[array(['1!'], dtype='<U2'), array(['2@'], dtype='<U2'), array(['-'], dtype='<U1')]]","[[array(['1!'], dtype='<U2'), array(['2@'], dtype='<U2'), array(['3#'], dtype='<U2'), array(['4$'], dtype='<U2'), array(['-'], dtype='<U1')]]",0.016599877088112034,60,18,2,0,301,0,45,0.2987977875860166,0.03319975417622407,0,4.996563003521723,0,0.7469944689650415,960,600,"[[747, 1057], [542, 542], [863, 1173], [658, 658]]","[[0, 0, 1920, 1200]]","[[81.31727983645297, 80.61327434114061, 79.9155804583812, 79.22436493907666, 78.53979882836472, 77.86205751198719, 77.19132075563937, 76.52777273643864, 75.871602065595, 75.22300180131074, 74.5821694508815, 73.9493069609175, 73.32462069455252, 72.70832139445939, 72.10062413044703, 71.50174823037545, 70.91191719309245, 70.33135858207206, 69.76030389842063, 69.1989884319128, 68.6476510887299, 68.1065341945984, 67.57588327206682, 67.05594679072095, 66.54697588921678, 66.04922406811453, 65.56294685262401, 65.08840142452416, 64.62584622269948, 64.17554051194271, 63.73774391990981, 63.31271594237606, 62.90071541723512, 62.50199996800102, 62.11682541791716, 61.74544517614235, 61.388109597869196, 61.04506532063014, 60.71655457945551, 60.40281450396165, 60.10407640085654, 59.820565025750135, 59.552497848536966, 59.3000843169721, 59.06352512337881, 58.8430114796991, 58.638724406317024, 58.450834040242746, 58.27949896833363, 58.12486559124245, 57.98706752371601, 57.86622503671723, 57.76244454660831, 57.67581815631227, 57.6064232529672, 57.554322166106694, 57.51956188984753, 57.50217387195027, 57.50217387195027, 57.51956188984753, 57.554322166106694, 57.6064232529672, 57.67581815631227, 57.76244454660831, 57.86622503671723, 57.98706752371601, 58.12486559124245, 58.27949896833363, 58.450834040242746, 58.638724406317024, 58.8430114796991, 59.06352512337881, 59.3000843169721, 59.552497848536966, 59.820565025750135, 60.10407640085654, 60.40281450396165, 60.71655457945551, 61.04506532063014, 61.388109597869196, 61.74544517614235, 62.11682541791716, 62.50199996800102, 62.90071541723512, 63.31271594237606, 63.73774391990981, 64.17554051194271, 64.62584622269948, 65.08840142452416, 65.56294685262401, 66.04922406811453, 66.54697588921678, 67.05594679072095, 67.57588327206682, 68.1065341945984, 68.6476510887299, 69.1989884319128, 69.76030389842063, 70.33135858207206, 70.91191719309245, 71.50174823037545, 72.10062413044703, 72.70832139445939, 73.32462069455252, 73.9493069609175, 74.5821694508815, 75.22300180131074, 75.871602065595, 76.52777273643864, 77.19132075563937, 77.86205751198719, 78.53979882836472, 79.22436493907666, 79.9155804583812, 80.61327434114061, 81.31727983645297], [80.61327434114061, 79.90306627407988, 79.19911615668448, 78.50159234053791, 77.81066764910837, 77.12651943397938, 76.44932962426813, 75.7792847683323, 75.11657606680433, 74.46139939592862, 73.81395532011545, 73.17444909256236, 72.54309064273454, 71.9200945494373, 71.30567999816003, 70.70007072132248, 70.10349492001095, 69.51618516575834, 68.93837828089663, 68.37031519599716, 67.8122407829147, 67.26440366196671, 66.72705598181295, 66.20045317065436, 65.68485365744526, 65.18051856191389, 64.68771135231174, 64.20669746996803, 63.73774391990981, 63.28111882702454, 62.83709095749102, 62.40592920548495, 61.98790204547981, 61.58327695080865, 61.192319779527885, 60.815294129026455, 60.45246066125018, 60.10407640085654, 59.77039400907442, 59.451661036509314, 59.14811915860047, 58.86000339789321, 58.58754133772811, 58.33095233235953, 58.090446718888295, 57.86622503671723, 57.65847726050351, 57.467382052778426, 57.29310604252487, 57.13580313603722, 56.99561386633186, 56.87266478722445, 56.76706791793989, 56.67892024377317, 56.60830327787612, 56.555282688710875, 56.519907997094265, 56.50221234606659, 56.50221234606659, 56.519907997094265, 56.555282688710875, 56.60830327787612, 56.67892024377317, 56.76706791793989, 56.87266478722445, 56.99561386633186, 57.13580313603722, 57.29310604252487, 57.467382052778426, 57.65847726050351, 57.86622503671723, 58.090446718888295, 58.33095233235953, 58.58754133772811, 58.86000339789321, 59.14811915860047, 59.451661036509314, 59.77039400907442, 60.10407640085654, 60.45246066125018, 60.815294129026455, 61.192319779527885, 61.58327695080865, 61.98790204547981, 62.40592920548495, 62.83709095749102, 63.28111882702454, 63.73774391990981, 64.20669746996803, 64.68771135231174, 65.18051856191389, 65.68485365744526, 66.20045317065436, 66.72705598181295, 67.26440366196671, 67.8122407829147, 68.37031519599716, 68.93837828089663, 69.51618516575834, 70.10349492001095, 70.70007072132248, 71.30567999816003, 71.9200945494373, 72.54309064273454, 73.17444909256236, 73.81395532011545, 74.46139939592862, 75.11657606680433, 75.7792847683323, 76.44932962426813, 77.12651943397938, 77.81066764910837, 78.50159234053791, 79.19911615668448, 79.90306627407988, 80.61327434114061], [79.9155804583812, 79.19911615668448, 78.48885271170677, 77.78495998584816, 77.08761249383717, 76.39698946948106, 75.71327492586752, 75.03665770808293, 74.36733153744323, 73.70549504616328, 73.0513518013185, 72.40511031688303, 71.7669840525572, 71.13719139803032, 70.51595564125896, 69.9035049192814, 69.3000721500346, 68.70589494359272, 68.12121549121096, 67.54628043053148, 66.98134068529832, 66.42665127793211, 65.88247111333939, 65.3490627323759, 64.82669203345178, 64.31562796086189, 63.81614215854794, 63.32850858815483, 62.853003110432205, 62.38990302925627, 61.9394865978077, 61.50203248673982, 61.077819214506995, 60.66712454039667, 60.27022482121665, 59.88739433303139, 59.51890455981192, 59.16502345136018, 58.826014653382735, 58.502136713115014, 58.1936422644261, 57.900777196856346, 57.623779813545724, 57.36287998348758, 57.118298293979315, 56.890245209526036, 56.67892024377317, 56.48451115128819, 56.30719314616917, 56.14712815451918, 56.004464107783406, 55.87933428379404, 55.7718567021038, 55.682133579811754, 55.61025085359713, 55.556277773083394, 55.520266569965244, 55.502252206554644, 55.502252206554644, 55.520266569965244, 55.556277773083394, 55.61025085359713, 55.682133579811754, 55.7718567021038, 55.87933428379404, 56.004464107783406, 56.14712815451918, 56.30719314616917, 56.48451115128819, 56.67892024377317, 56.890245209526036, 57.118298293979315, 57.36287998348758, 57.623779813545724, 57.900777196856346, 58.1936422644261, 58.502136713115014, 58.826014653382735, 59.16502345136018, 59.51890455981192, 59.88739433303139, 60.27022482121665, 60.66712454039667, 61.077819214506995, 61.50203248673982, 61.9394865978077, 62.38990302925627, 62.853003110432205, 63.32850858815483, 63.81614215854794, 64.31562796086189, 64.82669203345178, 65.3490627323759, 65.88247111333939, 66.42665127793211, 66.98134068529832, 67.54628043053148, 68.12121549121096, 68.70589494359272, 69.3000721500346, 69.9035049192814, 70.51595564125896, 71.13719139803032, 71.7669840525572, 72.40511031688303, 73.0513518013185, 73.70549504616328, 74.36733153744323, 75.03665770808293, 75.71327492586752, 76.39698946948106, 77.08761249383717, 77.78495998584816, 78.48885271170677, 79.19911615668448, 79.9155804583812], [79.22436493907666, 78.50159234053791, 77.78495998584816, 77.07463914933368, 76.37080594049011, 75.67364138192373, 74.98333148106984, 74.30006729472053, 73.62404498531713, 72.95546586788409, 72.29453644640098, 71.64146843832837, 70.9964787859229, 70.35978965289763, 69.73162840490677, 69.11222757226105, 68.50182479321262, 67.90066273608822, 67.30898899849856, 66.72705598181295, 66.15512073906298, 65.59344479443048, 65.04229393248673, 64.50193795538239, 63.97265040624782, 63.45470825714984, 62.94839156007086, 62.45398305952952, 61.97176776565277, 61.50203248673982, 61.04506532063014, 60.60115510450275, 60.170590823092304, 59.75366097570926, 59.35065290289568, 58.96185207403173, 58.58754133772811, 58.22800013739094, 57.88350369492158, 57.554322166106694, 57.24071977185472, 56.94295391003175, 56.66127425323225, 56.39592183837409, 56.14712815451918, 55.915114235777075, 55.70008976653449, 55.502252206554644, 55.32178594369491, 55.15886148208645, 55.01363467359705, 54.886246000250374, 54.77681991499689, 54.68546424782366, 54.61226968365259, 54.55730931781735, 54.52063829413592, 54.502293529722216, 54.502293529722216, 54.52063829413592, 54.55730931781735, 54.61226968365259, 54.68546424782366, 54.77681991499689, 54.886246000250374, 55.01363467359705, 55.15886148208645, 55.32178594369491, 55.502252206554644, 55.70008976653449, 55.915114235777075, 56.14712815451918, 56.39592183837409, 56.66127425323225, 56.94295391003175, 57.24071977185472, 57.554322166106694, 57.88350369492158, 58.22800013739094, 58.58754133772811, 58.96185207403173, 59.35065290289568, 59.75366097570926, 60.170590823092304, 60.60115510450275, 61.04506532063014, 61.50203248673982, 61.97176776565277, 62.45398305952952, 62.94839156007086, 63.45470825714984, 63.97265040624782, 64.50193795538239, 65.04229393248673, 65.59344479443048, 66.15512073906298, 66.72705598181295, 67.30898899849856, 67.90066273608822, 68.50182479321262, 69.11222757226105, 69.73162840490677, 70.35978965289763, 70.9964787859229, 71.64146843832837, 72.29453644640098, 72.95546586788409, 73.62404498531713, 74.30006729472053, 74.98333148106984, 75.67364138192373, 76.37080594049011, 77.07463914933368, 77.78495998584816, 78.50159234053791, 79.22436493907666], [78.53979882836472, 77.81066764910837, 77.08761249383717, 76.37080594049011, 75.66042558696059, 74.95665414091, 74.25967950375224, 73.56969484781081, 72.88689868556625, 72.21149492982401, 71.54369294354325, 70.88370757797591, 70.23175919767353, 69.58807369082723, 68.95288246331694, 68.32642241475841, 67.70893589475469, 67.1006706374832, 66.50187967268293, 65.9128212110512, 65.33375850201793, 64.76495966184183, 64.20669746996803, 63.65924913160695, 63.12289600454022, 62.59792328823697, 62.084619673474684, 61.58327695080865, 61.094189576423716, 60.61765419413721, 60.153969112603036, 59.70343373709757, 59.26634795564849, 58.8430114796991, 58.43372313998142, 58.0387801388003, 57.65847726050351, 57.29310604252487, 56.94295391003175, 56.60830327787612, 56.28943062422998, 55.986605540968455, 55.70008976653449, 55.43013620766234, 55.17698795693727, 54.94087731370878, 54.7220248163388, 54.52063829413592, 54.33691194758863, 54.171025465649066, 54.023143188822324, 53.89341332667657, 53.781967238099426, 53.688918782184466, 53.61436374704078, 53.558379363083795, 53.52102390649865, 53.50233639758174, 53.50233639758174, 53.52102390649865, 53.558379363083795, 53.61436374704078, 53.688918782184466, 53.781967238099426, 53.89341332667657, 54.023143188822324, 54.171025465649066, 54.33691194758863, 54.52063829413592, 54.7220248163388, 54.94087731370878, 55.17698795693727, 55.43013620766234, 55.70008976653449, 55.986605540968455, 56.28943062422998, 56.60830327787612, 56.94295391003175, 57.29310604252487, 57.65847726050351, 58.0387801388003, 58.43372313998142, 58.8430114796991, 59.26634795564849, 59.70343373709757, 60.153969112603036, 60.61765419413721, 61.094189576423716, 61.58327695080865, 62.084619673474684, 62.59792328823697, 63.12289600454022, 63.65924913160695, 64.20669746996803, 64.76495966184183, 65.33375850201793, 65.9128212110512, 66.50187967268293, 67.1006706374832, 67.70893589475469, 68.32642241475841, 68.95288246331694, 69.58807369082723, 70.23175919767353, 70.88370757797591, 71.54369294354325, 72.21149492982401, 72.88689868556625, 73.56969484781081, 74.25967950375224, 74.95665414091, 75.66042558696059, 76.37080594049011, 77.08761249383717, 77.81066764910837, 78.53979882836472], [77.86205751198719, 77.12651943397938, 76.39698946948106, 75.67364138192373, 74.95665414091, 74.24621202458749, 73.54250471666029, 72.84572739701348, 72.15608082483416, 71.47377141301556, 70.79901129253147, 70.13201836536575, 69.47301634447723, 68.82223477917583, 68.17990906418107, 67.54628043053148, 66.9215959164155, 66.30610831590103, 65.70007610345668, 65.10376333208396, 64.5174395028197, 63.94137940332536, 63.37586291325744, 62.821174774115775, 62.27760432129676, 61.74544517614235, 61.22499489587565, 60.71655457945551, 60.22042842756933, 59.73692325521963, 59.26634795564849, 58.80901291468851, 58.365229375031156, 57.93530875036397, 57.51956188984753, 57.118298293979315, 56.73182528352142, 56.360447123847415, 56.004464107783406, 55.664171600770274, 55.339859052946636, 55.03180898353242, 54.740295943664755, 54.46558546458488, 54.207932998777956, 53.96758286230726, 53.744767187141115, 53.53970489272424, 53.352600686377045, 53.18364410229897, 53.033008588991066, 52.90085065478626, 52.787309080876625, 52.69250421075089, 52.61653732430518, 52.55949010407159, 52.52142420003479, 52.502380898393554, 52.502380898393554, 52.52142420003479, 52.55949010407159, 52.61653732430518, 52.69250421075089, 52.787309080876625, 52.90085065478626, 53.033008588991066, 53.18364410229897, 53.352600686377045, 53.53970489272424, 53.744767187141115, 53.96758286230726, 54.207932998777956, 54.46558546458488, 54.740295943664755, 55.03180898353242, 55.339859052946636, 55.664171600770274, 56.004464107783406, 56.360447123847415, 56.73182528352142, 57.118298293979315, 57.51956188984753, 57.93530875036397, 58.365229375031156, 58.80901291468851, 59.26634795564849, 59.73692325521963, 60.22042842756933, 60.71655457945551, 61.22499489587565, 61.74544517614235, 62.27760432129676, 62.821174774115775, 63.37586291325744, 63.94137940332536, 64.5174395028197, 65.10376333208396, 65.70007610345668, 66.30610831590103, 66.9215959164155, 67.54628043053148, 68.17990906418107, 68.82223477917583, 69.47301634447723, 70.13201836536575, 70.79901129253147, 71.47377141301556, 72.15608082483416, 72.84572739701348, 73.54250471666029, 74.24621202458749, 74.95665414091, 75.67364138192373, 76.39698946948106, 77.12651943397938, 77.86205751198719], [77.19132075563937, 76.44932962426813, 75.71327492586752, 74.98333148106984, 74.25967950375224, 73.54250471666029, 72.8319984622144, 72.12835780745324, 71.43178564196754, 70.74249076757194, 70.06068797835202, 69.38659812961002, 68.72044819411468, 68.06247130394253, 67.41290677607664, 66.7720001198107, 66.14000302388865, 65.51717332119877, 64.90377492873584, 64.30007776045065, 63.70635761052424, 63.12289600454022, 62.54998001598402, 61.98790204547981, 61.43695956018657, 60.897454790820284, 60.36969438385455, 59.85398900658168, 59.35065290289568, 58.86000339789321, 58.382360349680965, 57.91804554713496, 57.467382052778426, 57.03069349043548, 56.60830327787612, 56.20053380529406, 55.80770556114989, 55.43013620766234, 55.06813960903346, 54.7220248163388, 54.39209501388966, 54.07864643276494, 53.781967238099426, 53.50233639758174, 53.24002253943926, 52.99528280894442, 52.76836173314461, 52.55949010407159, 52.36888389110465, 52.19674319342156, 52.04325124355702, 51.90857347298228, 51.79285665031424, 51.696228102251325, 51.61879502661797, 51.56064390598706, 51.52184002925361, 51.50242712727236, 51.50242712727236, 51.52184002925361, 51.56064390598706, 51.61879502661797, 51.696228102251325, 51.79285665031424, 51.90857347298228, 52.04325124355702, 52.19674319342156, 52.36888389110465, 52.55949010407159, 52.76836173314461, 52.99528280894442, 53.24002253943926, 53.50233639758174, 53.781967238099426, 54.07864643276494, 54.39209501388966, 54.7220248163388, 55.06813960903346, 55.43013620766234, 55.80770556114989, 56.20053380529406, 56.60830327787612, 57.03069349043548, 57.467382052778426, 57.91804554713496, 58.382360349680965, 58.86000339789321, 59.35065290289568, 59.85398900658168, 60.36969438385455, 60.897454790820284, 61.43695956018657, 61.98790204547981, 62.54998001598402, 63.12289600454022, 63.70635761052424, 64.30007776045065, 64.90377492873584, 65.51717332119877, 66.14000302388865, 66.7720001198107, 67.41290677607664, 68.06247130394253, 68.72044819411468, 69.38659812961002, 70.06068797835202, 70.74249076757194, 71.43178564196754, 72.12835780745324, 72.8319984622144, 73.54250471666029, 74.25967950375224, 74.98333148106984, 75.71327492586752, 76.44932962426813, 77.19132075563937], [76.52777273643864, 75.7792847683323, 75.03665770808293, 74.30006729472053, 73.56969484781081, 72.84572739701348, 72.12835780745324, 71.4177848998413, 70.71421356417676, 70.01785486574121, 69.32892614197915, 68.6476510887299, 67.97425983414604, 67.30898899849856, 66.65208173793224, 66.00378777009695, 65.364363379444, 64.73407139984322, 64.11318117204917, 63.50196847342608, 62.90071541723512, 62.30971031869752, 61.72924752497798, 61.15962720618889, 60.60115510450275, 60.054142238483436, 59.51890455981192, 58.99576255969576, 58.48504082241885, 57.98706752371601, 57.50217387195027, 57.03069349043548, 56.572961739686214, 56.12931497889494, 55.70008976653449, 55.285622000661256, 54.886246000250374, 54.502293529722216, 54.13409276971399, 53.781967238099426, 53.44623466625128, 53.12720583655798, 52.825183388228766, 52.54046059942756, 52.2733201547405, 52.02403290787826, 51.79285665031424, 51.58003489723519, 51.38579570270368, 51.210350516277465, 51.05389309347525, 50.91659847240387, 50.798622028555066, 50.70009861923347, 50.62114182829147, 50.5618433208284, 50.52227231627651, 50.502475186865844, 50.502475186865844, 50.52227231627651, 50.5618433208284, 50.62114182829147, 50.70009861923347, 50.798622028555066, 50.91659847240387, 51.05389309347525, 51.210350516277465, 51.38579570270368, 51.58003489723519, 51.79285665031424, 52.02403290787826, 52.2733201547405, 52.54046059942756, 52.825183388228766, 53.12720583655798, 53.44623466625128, 53.781967238099426, 54.13409276971399, 54.502293529722216, 54.886246000250374, 55.285622000661256, 55.70008976653449, 56.12931497889494, 56.572961739686214, 57.03069349043548, 57.50217387195027, 57.98706752371601, 58.48504082241885, 58.99576255969576, 59.51890455981192, 60.054142238483436, 60.60115510450275, 61.15962720618889, 61.72924752497798, 62.30971031869752, 62.90071541723512, 63.50196847342608, 64.11318117204917, 64.73407139984322, 65.364363379444, 66.00378777009695, 66.65208173793224, 67.30898899849856, 67.97425983414604, 68.6476510887299, 69.32892614197915, 70.01785486574121, 70.71421356417676, 71.4177848998413, 72.12835780745324, 72.84572739701348, 73.56969484781081, 74.30006729472053, 75.03665770808293, 75.7792847683323, 76.52777273643864], [75.871602065595, 75.11657606680433, 74.36733153744323, 73.62404498531713, 72.88689868556625, 72.15608082483416, 71.43178564196754, 70.71421356417676, 70.0035713374682, 69.3000721500346, 68.60393574715667, 67.91538853603062, 67.23466367878997, 66.56200117183978, 65.89764790946639, 65.2418577295282, 64.59489143887464, 63.95701681598353, 63.32850858815483, 62.70964838045259, 62.10072463345335, 61.50203248673982, 60.91387362497972, 60.3365560833563, 59.77039400907442, 59.21570737566174, 58.67282164682384, 58.14206738670375, 57.623779813545724, 57.118298293979315, 56.625965775428504, 56.14712815451918, 55.682133579811754, 55.231331687729565, 54.79507277118993, 54.37370688117557, 53.96758286230726, 53.57704732439069, 53.2024435529046, 52.8441103624614, 52.502380898393554, 52.17758139277826, 51.870029882389694, 51.58003489723519, 51.30789412946121, 51.05389309347525, 50.81830378908765, 50.601383380299005, 50.40337290301116, 50.224496015390734, 50.064957804835906, 49.924943665466465, 49.80461825975579, 49.704124577342675, 49.62358310319802, 49.563091106185055, 49.52272205765753, 49.502525188115406, 49.502525188115406, 49.52272205765753, 49.563091106185055, 49.62358310319802, 49.704124577342675, 49.80461825975579, 49.924943665466465, 50.064957804835906, 50.224496015390734, 50.40337290301116, 50.601383380299005, 50.81830378908765, 51.05389309347525, 51.30789412946121, 51.58003489723519, 51.870029882389694, 52.17758139277826, 52.502380898393554, 52.8441103624614, 53.2024435529046, 53.57704732439069, 53.96758286230726, 54.37370688117557, 54.79507277118993, 55.231331687729565, 55.682133579811754, 56.14712815451918, 56.625965775428504, 57.118298293979315, 57.623779813545724, 58.14206738670375, 58.67282164682384, 59.21570737566174, 59.77039400907442, 60.3365560833563, 60.91387362497972, 61.50203248673982, 62.10072463345335, 62.70964838045259, 63.32850858815483, 63.95701681598353, 64.59489143887464, 65.2418577295282, 65.89764790946639, 66.56200117183978, 67.23466367878997, 67.91538853603062, 68.60393574715667, 69.3000721500346, 70.0035713374682, 70.71421356417676, 71.43178564196754, 72.15608082483416, 72.88689868556625, 73.62404498531713, 74.36733153744323, 75.11657606680433, 75.871602065595], [75.22300180131074, 74.46139939592862, 73.70549504616328, 72.95546586788409, 72.21149492982401, 71.47377141301556, 70.74249076757194, 70.01785486574121, 69.3000721500346, 68.58935777509511, 67.88593374182902, 67.19002902216965, 66.50187967268293, 65.82172893505609, 65.14982732133677, 64.4864326816114, 63.83181025162924, 63.186232677696495, 62.54998001598402, 61.92333970321691, 61.30660649554826, 60.700082372267005, 60.10407640085654, 59.51890455981192, 58.94488951554664, 58.382360349680965, 57.83165223301164, 57.29310604252487, 56.76706791793989, 56.253888754467454, 55.753923628745625, 55.2675311552814, 54.79507277118993, 54.33691194758863, 53.89341332667657, 53.464941784313204, 53.051861418804144, 52.65453446760307, 52.2733201547405, 51.90857347298228, 51.56064390598706, 51.22987409705396, 50.91659847240387, 50.62114182829147, 50.34381789256751, 50.08492787256461, 49.84475900232641, 49.62358310319802, 49.42165517260627, 49.23921201644072, 49.076470940767535, 48.93362851863736, 48.81085944746312, 48.708315511830214, 48.62612466565683, 48.56439024635232, 48.52319033204639, 48.5025772511111, 48.5025772511111, 48.52319033204639, 48.56439024635232, 48.62612466565683, 48.708315511830214, 48.81085944746312, 48.93362851863736, 49.076470940767535, 49.23921201644072, 49.42165517260627, 49.62358310319802, 49.84475900232641, 50.08492787256461, 50.34381789256751, 50.62114182829147, 50.91659847240387, 51.22987409705396, 51.56064390598706, 51.90857347298228, 52.2733201547405, 52.65453446760307, 53.051861418804144, 53.464941784313204, 53.89341332667657, 54.33691194758863, 54.79507277118993, 55.2675311552814, 55.753923628745625, 56.253888754467454, 56.76706791793989, 57.29310604252487, 57.83165223301164, 58.382360349680965, 58.94488951554664, 59.51890455981192, 60.10407640085654, 60.700082372267005, 61.30660649554826, 61.92333970321691, 62.54998001598402, 63.186232677696495, 63.83181025162924, 64.4864326816114, 65.14982732133677, 65.82172893505609, 66.50187967268293, 67.19002902216965, 67.88593374182902, 68.58935777509511, 69.3000721500346, 70.01785486574121, 70.74249076757194, 71.47377141301556, 72.21149492982401, 72.95546586788409, 73.70549504616328, 74.46139939592862, 75.22300180131074], [74.5821694508815, 73.81395532011545, 73.0513518013185, 72.29453644640098, 71.54369294354325, 70.79901129253147, 70.06068797835202, 69.32892614197915, 68.60393574715667, 67.88593374182902, 67.17514421272202, 66.47179853140729, 65.77613549000884, 65.08840142452416, 64.40885032353862, 63.73774391990981, 63.075351762792415, 62.42195126716242, 61.77782773778955, 61.14327436439759, 60.518592184551025, 59.90409001061614, 59.3000843169721, 58.706899083497845, 58.12486559124245, 57.554322166106694, 56.99561386633186, 56.449092109616785, 55.915114235777075, 55.394043001030354, 54.886246000250374, 54.39209501388966, 53.91196527673611, 53.44623466625128, 52.99528280894442, 52.55949010407159, 52.13923666491484, 51.73490117899134, 51.34685968976097, 50.97548430373173, 50.62114182829147, 50.284192347098504, 49.96498774141749, 49.663870167356066, 49.381170500505554, 49.11720676097125, 48.87228253314961, 48.646685395821166, 48.44068537913146, 48.25453346577915, 48.088460154178364, 47.94267410147248, 47.81736086402093, 47.71268175233918, 47.62877281643944, 47.56574397610112, 47.52367830881781, 47.502631506054485, 47.502631506054485, 47.52367830881781, 47.56574397610112, 47.62877281643944, 47.71268175233918, 47.81736086402093, 47.94267410147248, 48.088460154178364, 48.25453346577915, 48.44068537913146, 48.646685395821166, 48.87228253314961, 49.11720676097125, 49.381170500505554, 49.663870167356066, 49.96498774141749, 50.284192347098504, 50.62114182829147, 50.97548430373173, 51.34685968976097, 51.73490117899134, 52.13923666491484, 52.55949010407159, 52.99528280894442, 53.44623466625128, 53.91196527673611, 54.39209501388966, 54.886246000250374, 55.394043001030354, 55.915114235777075, 56.449092109616785, 56.99561386633186, 57.554322166106694, 58.12486559124245, 58.706899083497845, 59.3000843169721, 59.90409001061614, 60.518592184551025, 61.14327436439759, 61.77782773778955, 62.42195126716242, 63.075351762792415, 63.73774391990981, 64.40885032353862, 65.08840142452416, 65.77613549000884, 66.47179853140729, 67.17514421272202, 67.88593374182902, 68.60393574715667, 69.32892614197915, 70.06068797835202, 70.79901129253147, 71.54369294354325, 72.29453644640098, 73.0513518013185, 73.81395532011545, 74.5821694508815], [73.9493069609175, 73.17444909256236, 72.40511031688303, 71.64146843832837, 70.88370757797591, 70.13201836536575, 69.38659812961002, 68.6476510887299, 67.91538853603062, 67.19002902216965, 66.47179853140729, 65.76093065034893, 65.05766672729663, 64.3622560201241, 63.67495583037337, 62.99603162104737, 62.325757115337154, 61.6644143732834, 61.0122938431264, 60.36969438385455, 59.73692325521963, 59.11429607125505, 58.502136713115014, 57.900777196856346, 57.310557491617544, 56.73182528352142, 56.16493568054717, 55.61025085359713, 55.06813960903346, 54.53897688809353, 54.023143188822324, 53.52102390649865, 53.033008588991066, 52.55949010407159, 52.100863716449076, 51.657526073167695, 51.22987409705396, 50.81830378908765, 50.42320894191484, 50.04497976820452, 49.684001449158664, 49.34065261019558, 49.01530373260988, 48.708315511830214, 48.42003717470692, 48.15080477001397, 47.900939447989956, 47.67074574621211, 47.460509900337144, 47.270498199193966, 47.10095540432275, 46.95210325427392, 46.82413907377262, 46.71723450719231, 46.63153439465616, 46.56715580750021, 46.52418725781247, 46.502688094345686, 46.502688094345686, 46.52418725781247, 46.56715580750021, 46.63153439465616, 46.71723450719231, 46.82413907377262, 46.95210325427392, 47.10095540432275, 47.270498199193966, 47.460509900337144, 47.67074574621211, 47.900939447989956, 48.15080477001397, 48.42003717470692, 48.708315511830214, 49.01530373260988, 49.34065261019558, 49.684001449158664, 50.04497976820452, 50.42320894191484, 50.81830378908765, 51.22987409705396, 51.657526073167695, 52.100863716449076, 52.55949010407159, 53.033008588991066, 53.52102390649865, 54.023143188822324, 54.53897688809353, 55.06813960903346, 55.61025085359713, 56.16493568054717, 56.73182528352142, 57.310557491617544, 57.900777196856346, 58.502136713115014, 59.11429607125505, 59.73692325521963, 60.36969438385455, 61.0122938431264, 61.6644143732834, 62.325757115337154, 62.99603162104737, 63.67495583037337, 64.3622560201241, 65.05766672729663, 65.76093065034893, 66.47179853140729, 67.19002902216965, 67.91538853603062, 68.6476510887299, 69.38659812961002, 70.13201836536575, 70.88370757797591, 71.64146843832837, 72.40511031688303, 73.17444909256236, 73.9493069609175], [73.32462069455252, 72.54309064273454, 71.7669840525572, 70.9964787859229, 70.23175919767353, 69.47301634447723, 68.72044819411468, 67.97425983414604, 67.23466367878997, 66.50187967268293, 65.77613549000884, 65.05766672729663, 64.34671708797582, 63.64353855655733, 62.94839156007086, 62.261545114139274, 61.58327695080865, 60.91387362497972, 60.25363059600641, 59.602852280742404, 58.96185207403173, 58.33095233235953, 57.71048431611019, 57.10078808562978, 56.50221234606659, 55.915114235777075, 55.339859052946636, 54.77681991499689, 54.226377345347345, 53.688918782184466, 53.16483800407935, 52.65453446760307, 52.15841255253078, 51.6768807108169, 51.210350516277465, 50.75923561284193, 50.32395056034453, 49.90490957811666, 49.502525188115406, 49.11720676097125, 48.74935897014442, 48.399380161320245, 48.067660646218265, 47.75458093209488, 47.460509900337144, 47.185802949616104, 46.93080012102926, 46.69582422444217, 46.4811789867684, 46.28714724413247, 46.11398920067532, 45.96194077712559, 45.83121207212395, 45.721985958617324, 45.63441683641854, 45.56862956025779, 45.52471856036015, 45.50274716981382, 45.50274716981382, 45.52471856036015, 45.56862956025779, 45.63441683641854, 45.721985958617324, 45.83121207212395, 45.96194077712559, 46.11398920067532, 46.28714724413247, 46.4811789867684, 46.69582422444217, 46.93080012102926, 47.185802949616104, 47.460509900337144, 47.75458093209488, 48.067660646218265, 48.399380161320245, 48.74935897014442, 49.11720676097125, 49.502525188115406, 49.90490957811666, 50.32395056034453, 50.75923561284193, 51.210350516277465, 51.6768807108169, 52.15841255253078, 52.65453446760307, 53.16483800407935, 53.688918782184466, 54.226377345347345, 54.77681991499689, 55.339859052946636, 55.915114235777075, 56.50221234606659, 57.10078808562978, 57.71048431611019, 58.33095233235953, 58.96185207403173, 59.602852280742404, 60.25363059600641, 60.91387362497972, 61.58327695080865, 62.261545114139274, 62.94839156007086, 63.64353855655733, 64.34671708797582, 65.05766672729663, 65.77613549000884, 66.50187967268293, 67.23466367878997, 67.97425983414604, 68.72044819411468, 69.47301634447723, 70.23175919767353, 70.9964787859229, 71.7669840525572, 72.54309064273454, 73.32462069455252], [72.70832139445939, 71.9200945494373, 71.13719139803032, 70.35978965289763, 69.58807369082723, 68.82223477917583, 68.06247130394253, 67.30898899849856, 66.56200117183978, 65.82172893505609, 65.08840142452416, 64.3622560201241, 63.64353855655733, 62.932503525602726, 62.22941426688829, 61.53454314448105, 60.848171706305195, 60.170590823092304, 59.50210080324896, 58.8430114796991, 58.1936422644261, 57.554322166106694, 56.925389765903226, 56.30719314616917, 55.70008976653449, 55.10444628158421, 54.52063829413592, 53.949050037975645, 53.39007398384086, 52.8441103624614, 52.31156659860226, 51.79285665031424, 51.288400248009296, 50.798622028555066, 50.32395056034453, 49.86481725625794, 49.42165517260627, 48.99489769353539, 48.58497710198081, 48.19232304008596, 47.81736086402093, 47.460509900337144, 47.12218161333365, 46.80277769534624, 46.502688094345686, 46.22228899567826, 45.96194077712559, 45.721985958617324, 45.50274716981382, 45.304525160297175, 45.1275968781853, 44.972213643537714, 44.83859944289072, 44.72694937059759, 44.637428241331286, 44.5701693961331, 44.52527372178637, 44.50280890011326, 44.50280890011326, 44.52527372178637, 44.5701693961331, 44.637428241331286, 44.72694937059759, 44.83859944289072, 44.972213643537714, 45.1275968781853, 45.304525160297175, 45.50274716981382, 45.721985958617324, 45.96194077712559, 46.22228899567826, 46.502688094345686, 46.80277769534624, 47.12218161333365, 47.460509900337144, 47.81736086402093, 48.19232304008596, 48.58497710198081, 48.99489769353539, 49.42165517260627, 49.86481725625794, 50.32395056034453, 50.798622028555066, 51.288400248009296, 51.79285665031424, 52.31156659860226, 52.8441103624614, 53.39007398384086, 53.949050037975645, 54.52063829413592, 55.10444628158421, 55.70008976653449, 56.30719314616917, 56.925389765903226, 57.554322166106694, 58.1936422644261, 58.8430114796991, 59.50210080324896, 60.170590823092304, 60.848171706305195, 61.53454314448105, 62.22941426688829, 62.932503525602726, 63.64353855655733, 64.3622560201241, 65.08840142452416, 65.82172893505609, 66.56200117183978, 67.30898899849856, 68.06247130394253, 68.82223477917583, 69.58807369082723, 70.35978965289763, 71.13719139803032, 71.9200945494373, 72.70832139445939], [72.10062413044703, 71.30567999816003, 70.51595564125896, 69.73162840490677, 68.95288246331694, 68.17990906418107, 67.41290677607664, 66.65208173793224, 65.89764790946639, 65.14982732133677, 64.40885032353862, 63.67495583037337, 62.94839156007086, 62.22941426688829, 61.518289963229634, 60.815294129026455, 60.12071190529932, 59.434838268476845, 58.757978181690355, 58.090446718888295, 57.43256915722994, 56.78468103282786, 56.14712815451918, 55.520266569965244, 54.904462478017216, 54.300092080953235, 53.70754136990447, 53.12720583655798, 52.55949010407159, 52.00480747007915, 51.46357935472425, 50.936234646860186, 50.42320894191484, 49.924943665466465, 49.441885077330944, 48.974483151943524, 48.52319033204639, 48.088460154178364, 47.67074574621211, 47.270498199193966, 46.88816481800072, 46.52418725781247, 46.17899955607527, 45.8530260724415, 45.54667935206693, 45.260357930533424, 44.99444410146657, 44.749301670528894, 44.52527372178637, 44.32268042436062, 44.141816908686486, 43.982951242498494, 43.846322536787504, 43.73213921133976, 43.64057744805859, 43.57177985806869, 43.52585438564073, 43.502873468312416, 43.502873468312416, 43.52585438564073, 43.57177985806869, 43.64057744805859, 43.73213921133976, 43.846322536787504, 43.982951242498494, 44.141816908686486, 44.32268042436062, 44.52527372178637, 44.749301670528894, 44.99444410146657, 45.260357930533424, 45.54667935206693, 45.8530260724415, 46.17899955607527, 46.52418725781247, 46.88816481800072, 47.270498199193966, 47.67074574621211, 48.088460154178364, 48.52319033204639, 48.974483151943524, 49.441885077330944, 49.924943665466465, 50.42320894191484, 50.936234646860186, 51.46357935472425, 52.00480747007915, 52.55949010407159, 53.12720583655798, 53.70754136990447, 54.300092080953235, 54.904462478017216, 55.520266569965244, 56.14712815451918, 56.78468103282786, 57.43256915722994, 58.090446718888295, 58.757978181690355, 59.434838268476845, 60.12071190529932, 60.815294129026455, 61.518289963229634, 62.22941426688829, 62.94839156007086, 63.67495583037337, 64.40885032353862, 65.14982732133677, 65.89764790946639, 66.65208173793224, 67.41290677607664, 68.17990906418107, 68.95288246331694, 69.73162840490677, 70.51595564125896, 71.30567999816003, 72.10062413044703], [71.50174823037545, 70.70007072132248, 69.9035049192814, 69.11222757226105, 68.32642241475841, 67.54628043053148, 66.7720001198107, 66.00378777009695, 65.2418577295282, 64.4864326816114, 63.73774391990981, 62.99603162104737, 62.261545114139274, 61.53454314448105, 60.815294129026455, 60.10407640085654, 59.401178439488895, 58.706899083497845, 58.02154772151464, 57.34544445725397, 56.67892024377317, 56.0223169817172, 55.37598757584374, 54.740295943664755, 54.115616969595756, 53.50233639758174, 52.90085065478626, 52.31156659860226, 51.73490117899134, 51.171281008002914, 50.62114182829147, 50.08492787256461, 49.563091106185055, 49.05609034564414, 48.56439024635232, 48.088460154178364, 47.62877281643944, 47.185802949616104, 46.76002566295275, 46.351914739307155, 45.96194077712559, 45.59056920021947, 45.238258145070084, 44.90545623863541, 44.5926002830066, 44.30011286667337, 44.02839992550263, 43.777848279695064, 43.54882317583335, 43.34166586553867, 43.15669125408017, 42.99418565341132, 42.85440467443224, 42.737571292716204, 42.64387412044079, 42.573465914816005, 42.52646234992984, 42.50294107470682, 42.50294107470682, 42.52646234992984, 42.573465914816005, 42.64387412044079, 42.737571292716204, 42.85440467443224, 42.99418565341132, 43.15669125408017, 43.34166586553867, 43.54882317583335, 43.777848279695064, 44.02839992550263, 44.30011286667337, 44.5926002830066, 44.90545623863541, 45.238258145070084, 45.59056920021947, 45.96194077712559, 46.351914739307155, 46.76002566295275, 47.185802949616104, 47.62877281643944, 48.088460154178364, 48.56439024635232, 49.05609034564414, 49.563091106185055, 50.08492787256461, 50.62114182829147, 51.171281008002914, 51.73490117899134, 52.31156659860226, 52.90085065478626, 53.50233639758174, 54.115616969595756, 54.740295943664755, 55.37598757584374, 56.0223169817172, 56.67892024377317, 57.34544445725397, 58.02154772151464, 58.706899083497845, 59.401178439488895, 60.10407640085654, 60.815294129026455, 61.53454314448105, 62.261545114139274, 62.99603162104737, 63.73774391990981, 64.4864326816114, 65.2418577295282, 66.00378777009695, 66.7720001198107, 67.54628043053148, 68.32642241475841, 69.11222757226105, 69.9035049192814, 70.70007072132248, 71.50174823037545], [70.91191719309245, 70.10349492001095, 69.3000721500346, 68.50182479321262, 67.70893589475469, 66.9215959164155, 66.14000302388865, 65.364363379444, 64.59489143887464, 63.83181025162924, 63.075351762792415, 62.325757115337154, 61.58327695080865, 60.848171706305195, 60.12071190529932, 59.401178439488895, 58.68986283848344, 57.98706752371601, 57.29310604252487, 56.60830327787612, 55.93299562869845, 55.2675311552814, 54.61226968365259, 53.96758286230726, 53.33385416412356, 52.7114788257738, 52.100863716449076, 51.50242712727236, 50.91659847240387, 50.34381789256751, 49.78453575157651, 49.23921201644072, 48.708315511830214, 48.19232304008596, 47.69171835864168, 47.20699100768868, 46.738634982207174, 46.28714724413247, 45.8530260724415, 45.436769251345325, 45.03887209955418, 44.65982534672521, 44.30011286667337, 43.96020928066653, 43.64057744805859, 43.34166586553867, 43.06390600026895, 42.80770958600799, 42.573465914816005, 42.36153915995027, 42.172265767919086, 42.005951959216446, 41.862871377868956, 41.743262929483606, 41.6473288459176, 41.57523301197481, 41.527099585692234, 41.50301193889427, 41.50301193889427, 41.527099585692234, 41.57523301197481, 41.6473288459176, 41.743262929483606, 41.862871377868956, 42.005951959216446, 42.172265767919086, 42.36153915995027, 42.573465914816005, 42.80770958600799, 43.06390600026895, 43.34166586553867, 43.64057744805859, 43.96020928066653, 44.30011286667337, 44.65982534672521, 45.03887209955418, 45.436769251345325, 45.8530260724415, 46.28714724413247, 46.738634982207174, 47.20699100768868, 47.69171835864168, 48.19232304008596, 48.708315511830214, 49.23921201644072, 49.78453575157651, 50.34381789256751, 50.91659847240387, 51.50242712727236, 52.100863716449076, 52.7114788257738, 53.33385416412356, 53.96758286230726, 54.61226968365259, 55.2675311552814, 55.93299562869845, 56.60830327787612, 57.29310604252487, 57.98706752371601, 58.68986283848344, 59.401178439488895, 60.12071190529932, 60.848171706305195, 61.58327695080865, 62.325757115337154, 63.075351762792415, 63.83181025162924, 64.59489143887464, 65.364363379444, 66.14000302388865, 66.9215959164155, 67.70893589475469, 68.50182479321262, 69.3000721500346, 70.10349492001095, 70.91191719309245], [70.33135858207206, 69.51618516575834, 68.70589494359272, 67.90066273608822, 67.1006706374832, 66.30610831590103, 65.51717332119877, 64.73407139984322, 63.95701681598353, 63.186232677696495, 62.42195126716242, 61.6644143732834, 60.91387362497972, 60.170590823092304, 59.434838268476845, 58.706899083497845, 57.98706752371601, 57.27564927611035, 56.572961739686214, 55.87933428379404, 55.19510847892229, 54.52063829413592, 53.85629025471398, 53.2024435529046, 52.5594901